307438488 3 2 0 0 1889 19856 11 1854
307441488 3 2 0 0 1861 19916 9 1854
307444496 3 2 0 0 1857 19816 24 1854
307447488 3 2 0 0 1869 20044 31 1855
307450488 3 2 0 0 1897 19924 26 1859
307453496 3 2 0 0 1865 19876 34 1859
307456496 3 2 0 0 1889 19804 10 1862
307459492 3 2 0 0 1877 19856 35 1863
307462488 3 2 0 0 1921 19928 19 1868
307465496 3 2 0 0 1873 19824 42 1868
307468496 3 2 0 0 1893 19924 22 1870
307471492 3 2 0 0 1865 19916 16 1869
307474492 3 2 0 0 1845 19932 2 1866
307477488 3 2 0 0 1821 19804 -14 1860
307480488 3 2 0 0 1737 19924 9 1846
307483488 3 2 0 0 1901 19884 62 1851
307486496 3 2 0 0 1801 19812 33 1846
307489492 3 2 0 0 1933 19880 41 1854
307492488 3 2 0 0 1785 19808 40 1847
307495492 3 2 0 0 1873 19848 52 1849
307498492 3 2 0 0 1841 19832 42 1848
307501488 3 2 0 0 1793 19832 45 1842
307504496 3 2 0 0 1829 19944 45 1840
307507492 3 2 0 0 1749 19988 64 1830
307510492 3 2 0 0 1901 19884 72 1837
307513492 3 2 0 0 1749 19944 69 1828
307516492 3 2 0 0 1849 19892 86 1830
307519500 3 2 0 0 1853 19852 121 1832
307522492 3 2 0 0 1869 19952 99 1835
307525492 3 2 0 0 1833 19840 137 1834
307528492 3 2 0 0 1821 19736 104 1832
307531492 3 2 0 0 2045 20008 82 1853
307534492 3 2 0 0 1937 19736 86 1861
307537488 3 2 0 0 1961 19924 109 1871
307540492 3 2 -66 -66 1841 19892 96 1868
307543488 3 2 -66 -66 1881 20048 69 1869
307546488 3 2 -67 -67 1977 19892 8 1879
307549488 3 2 -68 -68 2265 19832 -224 1916
307552496 3 1 -70 -70 2661 19804 -243 1989
307555488 3 1 -72 -72 2557 19784 -350 2044
307558492 3 1 -73 -73 2393 19768 -485 2077
307561496 2 1 -74 -74 2097 19940 -486 2077
307564496 2 1 -72 -72 1785 19928 -474 2046
307567488 2 1 -70 -70 1509 19836 -459 1990
307570492 2 1 -69 -69 1517 19772 -376 1940
307573492 2 1 -68 -68 1681 19888 -311 1912
307576496 2 1 -67 -67 1637 19852 -316 1883
307579488 2 1 -66 -66 1741 20076 -255 1867
307582488 2 1 -66 -66 1753 19732 -214 1854
307585496 2 1 -65 -65 1805 19844 -187 1848
307588488 2 1 -65 -65 1649 19664 -147 1827
307591492 2 1 -64 -64 1669 19868 -147 1810
307594492 2 1 -64 -64 1729 19696 -116 1801
307597492 2 1 -64 -64 1801 20028 -107 1800
307600492 2 1 -64 -64 1853 20124 -117 1804
307603496 2 1 -64 -64 1809 20040 -66 1803
307606492 2 1 -63 -63 1681 19932 -69 1789
307609488 2 1 -63 -63 1797 19796 -105 1788
307612488 2 1 -63 -63 1733 19900 -24 1781
307615488 2 1 -63 -63 1741 19896 -36 1776
307618496 2 1 -63 -63 1821 19964 -60 1779
307621488 2 1 -63 -63 1841 20128 -10 1784
307624492 2 1 -64 -64 1909 20020 -11 1795
307627488 2 1 -64 -64 1841 20088 -21 1798
307630492 2 1 -64 -64 1861 19872 -10 1803
307633488 2 1 -64 -64 1945 19912 1 1816
307636488 2 1 -65 -65 1937 19868 14 1828
307639492 2 1 -65 -65 1885 19864 -19 1832
307642488 2 1 -64 -64 1725 19864 -7 1820
307645492 2 1 -65 -65 1937 19756 -30 1830
307648488 2 1 -65 -65 1785 19792 0 1824
307651492 2 1 -65 -65 1829 19684 -46 1823
307654492 2 1 -65 -65 1941 19892 -38 1833
307657488 2 1 -65 -65 1877 20028 -1 1836
307660492 2 1 -65 -65 1917 19836 -52 1843
307663492 2 1 -65 -65 1865 20084 -32 1844
307666492 2 1 -65 -65 1889 19872 -62 1847
307669492 2 1 -66 -66 1877 19776 -75 1849
307672488 2 1 -66 -66 1933 19932 -59 1856
307675492 2 1 -66 -66 1845 19940 -94 1854
307678496 2 1 -65 -65 1793 19804 -80 1847
307681496 2 1 -65 -65 1869 20064 -84 1848
307684496 2 1 -65 -65 1825 19864 -94 1844
307687488 2 1 -65 -65 1809 20076 -118 1839
307690492 2 1 -65 -65 1789 19832 -142 1833
307693488 2 1 -65 -65 1761 19904 -93 1824
307696492 2 1 -65 -65 1817 20012 -93 1822
307699488 2 1 -64 -64 1769 19708 -103 1815
307702492 2 1 -64 -64 1797 19724 -89 1812
307705496 2 1 -64 -64 1829 19952 -55 1812
307708492 2 1 -64 -64 1857 19752 -39 1815
307711496 2 1 -64 -64 1877 19988 -75 1820
307714488 2 1 -64 -64 1829 19800 -66 1820
307717492 2 1 -64 -64 1773 19780 -16 1814
307720496 2 1 -64 -64 1773 19948 -3 1809
307723496 2 1 -64 -64 1769 19920 -17 1804
307726488 2 1 -64 -64 1753 19752 -1 1798
307729492 2 1 -64 -64 1957 19960 35 1813
307732492 2 1 -65 -65 1917 20048 13 1823
307735492 2 1 -65 -65 1845 19908 7 1825
307738488 2 1 -65 -65 1881 19980 0 1830
307741492 2 1 -65 -65 1817 19820 30 1828
307744492 2 1 -64 -64 1725 19916 17 1817
307747492 2 1 -64 -64 1817 20132 -5 1817
307750496 2 1 -64 -64 1809 20092 41 1816
307753496 2 1 -64 -64 1737 19964 12 1808
307756496 2 1 -64 -64 1809 20016 64 1808
307759488 2 1 -64 -64 1761 19844 59 1803
307762496 2 1 -64 -64 1909 19956 77 1813
307765496 2 1 -64 -64 1817 20008 41 1813
307768496 2 1 -65 -65 1933 19816 38 1825
307771492 2 1 -65 -65 1937 20004 20 1836
307774492 2 1 -65 -65 1913 19852 29 1843
307777488 2 1 -66 -66 1913 20032 13 1850
307780488 2 1 -66 -66 1849 19908 -3 1849
307783496 2 1 -65 -65 1817 20012 14 1845
307786492 2 1 -65 -65 1837 19752 12 1844
307789488 2 1 -66 -66 1913 19944 23 1850
307792488 2 1 -65 -65 1793 19776 4 1844
307795492 2 1 -66 -66 1949 19844 12 1854
307798488 2 1 -66 -66 1897 19792 0 1858
307801492 2 1 -66 -66 1993 19888 -44 1870
307804488 2 1 -67 -67 1993 19928 -18 1881
307807492 2 1 -66 -66 1789 19720 -45 1870
307810488 2 1 -66 -66 1857 19892 -78 1867
307813492 2 1 -66 -66 1821 19872 -47 1861
307816496 2 1 -66 -66 1829 19812 -39 1856
307819488 2 1 -66 -66 1849 19932 -70 1854
307822496 2 1 -66 -66 1905 19984 -59 1858
307825488 2 1 -65 -65 1705 19896 -44 1841
307828492 2 1 -65 -65 1893 19960 -67 1845
307831488 2 1 -65 -65 1829 19924 -78 1842
307834492 2 1 -65 -65 1849 19868 -65 1841
307837488 2 1 -65 -65 1877 19956 -98 1843
307840488 2 1 -66 -66 1969 19964 -118 1854
307843492 2 1 -66 -66 1973 20020 -147 1865
307846492 2 1 -66 -66 1949 19896 -131 1872
307849488 2 1 -67 -67 1949 19960 -175 1878
307852496 2 1 -67 -67 1965 19916 -190 1885
307855492 2 1 -67 -67 1901 19732 -230 1885
307858492 2 1 -67 -67 1857 19896 -283 1881
307861488 2 0 -67 -67 1885 19992 -250 1880
307864488 2 0 -67 -67 1881 19732 -316 1879
307867492 2 0 -66 -66 1833 19816 -317 1873
307870492 2 0 -67 -67 1949 19872 -295 1879
307873492 2 0 -66 -66 1853 19872 -314 1875
307876488 2 0 -66 -66 1777 19776 -302 1864
307879488 2 0 -66 -66 1793 19848 -307 1856
307882496 2 0 -65 -65 1765 19848 -270 1846
307885496 2 0 -65 -65 1673 19908 -244 1827
307888492 2 0 -65 -65 1781 19848 -242 1821
307891492 2 0 -64 -64 1817 19868 -219 1819
307894492 2 0 -64 -64 1753 20032 -238 1811
307897488 2 0 -64 -64 1865 19900 -238 1815
307900488 2 0 -65 -65 1893 19976 -270 1821
307903496 2 0 -64 -64 1777 19872 -253 1815
307906496 2 0 -64 -64 1793 20040 -241 1811
307909492 2 0 -64 -64 1681 19848 -256 1797
307912492 2 0 -63 -63 1717 19844 -208 1788
307915488 2 0 -63 -63 1673 20040 -244 1775
307918488 2 0 -63 -63 1785 19844 -218 1775
307921496 2 0 -63 -63 1729 19876 -175 1769
307924488 2 0 -63 -63 1809 19840 -189 1772
307927496 2 0 -62 -62 1685 20048 -205 1762
307930492 2 0 -62 -62 1785 19892 -200 1763
307933488 2 0 -62 -62 1669 19972 -178 1752
307936488 2 0 -62 -62 1781 19792 -154 1754
307939488 2 0 -62 -62 1657 19788 -144 1743
307942488 2 0 -62 -62 1697 19864 -153 1737
307945492 2 0 -62 -62 1777 19884 -165 1740
307948492 2 0 -62 -62 1813 19880 -145 1746
307951492 2 0 -62 -62 1753 19976 -177 1745
307954492 2 0 -62 -62 1797 19824 -203 1749
307957488 2 0 -62 -62 1785 19916 -203 1751
307960488 2 0 -62 -62 1885 19944 -221 1763
307963488 2 0 -63 -63 1785 20040 -180 1764
307966496 2 0 -63 -63 1781 19984 -197 1764
307969496 2 0 -62 -62 1669 20032 -182 1753
307972492 2 0 -61 -61 1565 19992 -180 1733
307975492 1 0 -61 -61 1509 19976 -146 1709
307978492 1 0 -60 -60 1481 19856 -44 1685
307981492 1 0 -59 -59 1361 19876 21 1651
307984496 1 0 -57 -57 1185 19796 147 1604
307987488 1 0 -56 -56 1217 19776 234 1565
307990496 1 0 -54 -54 1189 19828 328 1527
307993492 1 0 -54 -54 1413 19912 408 1516
307996496 1 0 -54 -54 1525 19864 450 1517
307999492 1 0 -54 -54 1617 19896 486 1527
308002488 1 0 -55 -55 1825 19924 531 1557
308005488 1 0 -56 -56 1725 19724 558 1574
308008492 1 0 -56 -56 1729 19660 527 1590
308011488 1 0 -56 -56 1601 19572 583 1592
308014496 1 0 -56 -56 1385 19676 670 1572
308017488 1 0 -54 -54 1181 19752 837 1534
308020496 1 0 -52 -52 913 19688 1001 1473
308023492 2 0 -50 -50 865 19604 1231 1414
308026488 2 0 -48 -48 865 19852 1448 1362
308029488 2 0 -46 -46 585 19884 1705 1287
308032488 2 0 -44 -44 705 19716 2000 1233
308035488 2 0 -41 -41 309 19868 2343 1146
308038492 2 1 -37 -37 113 19824 2704 1049
308041496 2 1 -33 -33 -179 19984 3098 934
308044492 3 1 -30 -30 -163 19856 3573 833
308047492 3 2 -26 -26 -199 20080 4045 739
308050488 3 2 -23 -23 -255 20092 4429 651
308053488 4 2 -22 -22 249 20236 4650 623
308056492 4 3 -24 -24 1085 20160 4922 682
308059496 5 4 -27 -27 1153 20124 5175 742
308062492 6 4 -27 -27 689 19936 5516 751
308065492 6 5 -25 -25 57 19884 5902 696
308068492 6 5 -21 -21 -655 19828 6419 578
308071492 7 6 -16 -16 -959 20208 7036 443
308074492 8 7 -11 -11 -1027 19920 7734 316
308077488 9 8 -8 -8 -939 20092 8413 213
308080492 10 9 -5 -5 -727 19960 9036 143
308083488 10 9 -3 -3 -711 19944 9585 83
308086488 11 10 -4 -4 29 19684 10205 105
308089492 13 12 -5 -5 -11 19440 10817 123
308092496 14 12 -3 -3 -527 19468 11472 89
308095488 15 13 -3 -3 -463 19220 12139 67
308098496 16 15 -2 -2 -507 19560 12591 43
308101488 18 16 -6 -6 861 19640 13161 160
308104512 19 18 -8 -8 549 19208 13983 236
308107488 21 19 -12 -12 917 19096 14277 343
308110496 22 21 -16 -16 1017 19796 14670 450
308113492 23 22 -20 -20 1157 19504 15230 563
308116488 25 24 -23 -23 1173 19304 15676 667
308119492 26 25 -26 -26 853 19216 15965 729
308122488 28 27 -31 -31 1937 19040 16487 895
308125496 30 29 -36 -36 2821 19148 16746 1041
308128492 31 30 -42 -42 3141 19300 16611 1205
308131488 33 32 -55 -55 5289 19472 16610 1567
308134496 34 34 -63 -63 4413 18928 16664 1805
308137488 36 36 -73 -73 5005 19488 16238 2078
308140488 38 37 -84 -84 4865 19376 16168 2402
308143496 39 38 -95 -95 4961 19256 16129 2702
308146496 42 40 -106 -106 5509 18988 15775 3027
308149488 43 41 -118 -118 5973 19200 15530 3365
308152488 45 43 -129 -129 6165 18876 15235 3688
308155492 46 44 -142 -142 6941 18952 14718 4055
308158492 47 46 -156 -156 7709 18976 14060 4460
308161488 49 47 -173 -173 8925 19156 13364 4945
308164492 50 49 -189 -189 9157 18972 12555 5402
308167492 50 50 -203 -203 8981 19020 11650 5794
308170488 51 50 -217 -217 9349 18768 10853 6181
308173492 53 52 -228 -228 9181 18688 10076 6509
308176496 54 53 -238 -238 9053 19072 9334 6790
308179488 54 54 -246 -246 8821 18980 8681 7018
308182488 55 54 -253 -253 8629 18896 8005 7202
308185496 56 54 -255 -255 8817 19184 7195 7384
308188492 58 56 -255 -255 9037 19432 6332 7568
308191496 58 56 -255 -255 10473 19744 5310 7874
308194492 58 56 -255 -255 10989 18932 4162 8198
308197496 58 57 -255 -255 11037 19116 3165 8491
308200492 58 57 -255 -255 10397 19008 2158 8688
308203492 58 57 -255 -255 9337 19244 1469 8757
308206488 58 58 -255 -255 8529 19124 839 8736
308209492 58 58 -255 -255 8269 19608 291 8690
308212492 58 58 -255 -255 8565 19164 -371 8676
308215492 58 58 -255 -255 9029 19872 -971 8708
308218492 58 58 -255 -255 9141 19072 -1667 8746
308221492 58 58 -255 -255 9309 19472 -2384 8796
308224492 58 57 -255 -255 8869 19340 -3053 8795
308227488 58 57 -255 -255 8425 19272 -3673 8748
308230488 58 57 -255 -255 8513 19040 -4268 8712
308233492 58 57 -255 -255 9597 19024 -5164 8787
308236492 58 56 -255 -255 10493 19088 -6318 8940
308239492 57 56 -255 -255 11909 19664 -7714 9216
308242488 55 54 -255 -255 13109 18804 -9317 9581
308245488 54 53 -255 -255 13661 19832 -11234 9959
308248488 54 52 -255 -255 14597 18780 -13070 10387
308251488 52 50 -255 -255 14001 18700 -14721 10708
308254488 50 49 -255 -255 12769 18344 -16414 10869
308257492 49 48 -255 -255 11637 18880 -17870 10989
308260492 47 46 -255 -255 11513 18992 -19309 11081
308263488 45 44 -255 -255 11321 18632 -20658 11141
308266488 42 41 -255 -255 11097 18480 -22123 11168
308269488 40 39 -255 -255 11177 18432 -23449 11196
308272496 38 37 -255 -255 10441 18928 -24650 11144
308275492 35 34 -255 -255 9381 18180 -25803 10988
308278500 32 32 -255 -255 9209 18144 -26766 10828
308281488 30 29 -255 -255 7481 17820 -27569 10508
308284492 26 26 -255 -255 8453 17908 -28527 10315
308287488 23 22 -255 -255 5581 18152 -29222 9852
308290492 21 20 -255 -255 7525 17916 -30215 9627
308293488 18 17 -255 -255 7209 17432 -30783 9391
308296488 14 13 -255 -255 4365 17488 -31310 8892
308299492 11 10 -255 -255 6345 17412 -32206 8640
308302488 8 6 -255 -255 5441 17896 -32597 8321
308305492 5 4 -255 -255 5153 17692 32448 8003
308308492 2 0 -255 -255 4237 17448 32448 7624
308311492 -2 -3 -254 -254 3569 17240 32448 7216
308314492 -6 -7 -242 -242 3645 17240 32448 6857
308317496 -9 -10 -227 -227 2801 17288 32448 6449
308320488 -13 -14 -209 -209 1125 17120 32448 5914
308323492 -16 -18 -185 -185 -831 17516 32448 5237
308326492 -19 -20 -169 -169 681 17704 32448 4779
308329496 -22 -24 -144 -144 -2163 17280 32448 4083
308332496 -26 -28 -126 -126 -1051 17400 32448 3567
308335488 -30 -31 -106 -106 -2231 17148 32448 2985
308338488 -33 -34 -78 -78 -4951 17768 -32494 2190
308341488 -36 -38 -51 -51 -5555 17952 -31405 1417
308344488 -38 -40 -17 -17 -8415 17932 -30129 439
308347488 -42 -43 14 14 -8475 18212 -28731 -443
308350488 -44 -46 44 44 -8955 18752 -27040 -1279
308353488 -46 -48 77 77 -10943 19060 -25094 -2225
308356488 -49 -51 113 113 -12947 18844 -22798 -3272
308359492 -50 -52 151 151 -14375 18540 -20320 -4349
308362496 -53 -54 187 187 -14919 18672 -17554 -5366
308365488 -54 -55 223 223 -15199 19476 -14552 -6394
308368492 -55 -56 255 255 -16243 19556 -11801 -7415
308371492 -57 -56 255 255 -15899 20132 -8746 -8292
308374488 -57 -58 255 255 -16323 20120 -5805 -9114
308377496 -57 -58 255 255 -16155 20100 -2949 -9829
308380488 -57 -56 255 255 -15843 20180 -81 -10434
308383488 -57 -56 255 255 -14667 20036 2440 -10853
308386496 -54 -55 255 255 -13671 20384 5120 -11124
308389492 -54 -54 255 255 -14235 20108 7613 -11416
308392492 -53 -52 255 255 -14031 19856 9981 -11652
308395492 -50 -51 255 255 -13675 20116 12339 -11821
308398488 -49 -50 255 255 -13051 19932 14719 -11905
308401492 -47 -47 255 255 -12679 19752 17076 -11936
308404488 -45 -45 255 255 -13115 19312 19253 -12095
308407492 -42 -43 255 255 -12227 19624 21374 -12143
308410496 -40 -40 255 255 -11247 19448 23316 -12082
308413492 -38 -38 255 255 -10427 19480 25324 -11939
308416488 -34 -35 255 255 -10443 19124 27161 -11807
308419492 -31 -31 255 255 -10811 18460 29135 -11720
308422492 -29 -28 255 255 -10347 18072 30965 -11589
308425492 -25 -25 255 255 -8491 17852 32447 -11281
308428492 -22 -22 255 255 -6907 17660 32447 -10844
308431488 -18 -18 255 255 -7767 17376 32447 -10537
308434488 -14 -15 255 255 -6043 17076 32447 -10088
308437488 -10 -11 255 255 -4803 16968 32447 -9560
308440492 -6 -7 255 255 -4887 16092 32447 -9093
308443492 -2 -3 255 255 -4815 16620 32447 -8666
308446492 2 1 255 255 -3011 16088 32447 -8101
308449492 7 6 255 255 -2679 16204 32447 -7559
308452488 11 10 241 241 -627 15872 32447 -6866
308455496 15 14 226 226 -2683 15876 32447 -6448
308458488 20 19 212 212 -2167 15648 32447 -6020
308461488 24 24 185 185 1613 16296 32447 -5257
308464492 29 28 152 152 4153 14948 32447 -4316
308467492 34 32 123 123 4045 15488 32447 -3480
308470492 38 37 92 92 5149 15604 32447 -2618
308473496 42 41 73 73 2837 15844 32447 -2073
308476488 47 46 55 55 3185 15604 32447 -1548
308479492 51 50 32 32 4993 15668 32447 -894
308482488 55 54 5 5 6729 16136 32447 -132
308485496 59 58 -34 -34 11001 16204 32447 980
308488492 63 62 -71 -71 11513 16412 32447 2031
308491492 67 65 -96 -96 9281 15320 32447 2754
308494492 70 69 -123 -123 10533 15556 32447 3530
308497488 74 72 -152 -152 11761 15200 32447 4351
308500488 76 74 -183 -183 13157 15816 32447 5229
308503488 78 76 -212 -212 13509 15912 32447 6055
308506492 81 78 -249 -249 16685 16196 32447 7116
308509496 82 80 -255 -255 22133 16500 29741 8612
308512496 83 82 -255 -255 24237 17848 25348 10159
308515488 82 85 -255 -255 31065 15828 20904 12221
308518492 83 86 -255 -255 27113 15396 17371 13671
308521492 82 89 -255 -255 18589 16248 15166 14208
308524488 83 90 -255 -255 10901 17732 14713 13919
308527492 82 89 -255 -255 5425 20060 14945 13111
308530488 82 90 -255 -255 5737 21008 14898 12415
308533488 83 92 -255 -255 12297 19600 13949 12443
308536492 82 92 -255 -255 16657 17496 12405 12901
308539492 82 93 -255 -255 20737 17640 10068 13716
308542496 83 94 -255 -255 21313 17160 7146 14500
308545488 83 94 -255 -255 21661 17108 4159 15231
308548496 84 94 -255 -255 20237 18116 1401 15738
308551492 85 95 -255 -255 18685 19100 -745 16033
308554496 84 96 -255 -255 16045 19860 -2502 16028
308557492 83 96 -255 -255 15613 20272 -3931 15976
308560488 83 96 -255 -255 15809 18620 -5618 15944
308563492 82 94 -255 -255 16997 19464 -7470 16030
308566488 82 94 -255 -255 17341 18228 -9323 16136
308569492 82 93 -255 -255 17269 17496 -11042 16219
308572492 79 92 -255 -255 15993 16516 -12806 16162
308575488 78 90 -255 -255 15917 16940 -14675 16097
308578492 78 89 -255 -255 15293 17760 -16364 15972
308581492 75 88 -255 -255 14621 18116 -17880 15881
308584492 74 85 -255 -255 14397 17588 -19420 15772
308587488 71 83 -255 -255 14593 18208 -20873 15689
308590492 69 81 -255 -255 14705 18400 -22372 15622
308593488 66 78 -255 -255 13825 18052 -23814 15469
308596488 63 75 -255 -255 14145 17164 -25353 15359
308599488 62 72 -255 -255 13525 16948 -26912 15193
308602488 58 69 -255 -255 13309 16932 -28104 15019
308605492 55 66 -255 -255 11621 17060 -29113 14690
308608492 53 63 -255 -255 10357 17004 -29921 14265
308611496 50 60 -255 -255 8873 18072 -30884 13732
308614488 46 57 -255 -255 10109 18240 -31742 13373
308617492 43 54 -255 -255 10589 17584 -32429 13096
308620492 39 50 -255 -255 7697 16748 32448 12556
308623496 36 48 -255 -255 8561 16676 32448 12154
308626496 33 44 -255 -255 8673 16808 32448 11804
308629496 30 40 -255 -255 7805 17152 32448 11402
308632496 26 37 -255 -255 6837 16988 32448 10943
308635496 22 33 -255 -255 5357 16624 32448 10382
308638488 19 29 -255 -255 4181 17088 32448 9760
308641488 15 25 -255 -255 5193 17036 32448 9301
308644496 11 22 -255 -255 5713 17124 32448 8940
308647492 7 18 -255 -255 1193 17216 32448 8163
308650492 3 14 -255 -255 2629 17344 32448 7607
308653496 0 10 -255 -255 4977 17172 32448 7342
308656488 -4 6 -247 -247 4073 16112 32448 7013
308659492 -7 3 -214 -214 -2311 17516 32448 6078
308662492 -11 0 -183 -183 -2807 17976 32448 5187
308665496 -14 -4 -168 -168 933 17820 32448 4759
308668492 -18 -8 -141 -141 -2835 17572 32448 3997
308671496 -21 -11 -112 -112 -4263 17324 32666 3170
308674492 -24 -14 -79 -79 -6439 18052 -31193 2210
308677500 -27 -18 -46 -46 -7019 17716 -29677 1293
308680488 -30 -20 -15 -15 -7835 18364 -28017 391
308683492 -33 -23 15 15 -8179 18700 -26063 -449
308686488 -34 -25 38 38 -7355 19044 -24005 -1117
308689492 -37 -27 73 73 -11363 18120 -21792 -2112
308692492 -38 -28 105 105 -11515 20360 -19158 -3017
308695492 -41 -30 136 136 -12235 18084 -16534 -3895
308698492 -42 -31 170 170 -13171 19908 -13863 -4864
308701488 -42 -32 203 203 -14119 19804 -11135 -5824
308704492 -43 -34 233 233 -14087 20644 -8079 -6677
308707488 -45 -34 255 255 -13607 19824 -5377 -7388
308710492 -45 -34 255 255 -13487 20284 -2643 -8008
308713488 -45 -34 255 255 -14139 20648 212 -8623
308716492 -45 -33 255 255 -13983 20552 2975 -9153
308719492 -44 -32 255 255 -13071 19768 5829 -9532
308722496 -42 -31 255 255 -13415 20136 8852 -9898
308725492 -42 -30 255 255 -14799 19904 11671 -10358
308728492 -41 -28 255 255 -13419 20308 14328 -10627
308731488 -39 -26 255 255 -13027 20460 16964 -10822
308734488 -38 -24 255 255 -11611 20256 19539 -10941
308737512 -35 -22 255 255 -11551 19752 21937 -11035
308740496 -33 -19 255 255 -11243 19012 24394 -11082
308743488 -30 -16 255 255 -10747 18296 26848 -11068
308746492 -28 -14 255 255 -11399 17968 29525 -11113
308749492 -25 -11 255 255 -11175 18328 32071 -11124
308752492 -21 -8 255 255 -10611 18260 32447 -11073
308755492 -18 -4 255 255 -8323 18272 32447 -10798
308758496 -14 -2 255 255 -7043 17888 32447 -10423
308761488 -10 2 255 255 -7035 16860 32447 -10085
308764492 -6 6 255 255 -5547 17084 32447 -9632
308767496 -2 10 255 255 -5331 16448 32447 -9202
308770492 3 14 255 255 -2739 15996 32447 -8556
308773492 7 18 255 255 1833 15260 32447 -7518
308776496 12 22 239 239 -431 15504 32447 -6810
308779496 18 28 214 214 409 14856 32447 -6089
308782488 22 32 186 186 2041 15696 32447 -5276
308785492 27 37 162 162 1561 15592 32447 -4593
308788492 33 42 135 135 3077 15092 32447 -3826
308791508 38 48 106 106 4337 14984 32447 -3010
308794488 43 52 76 76 5665 14524 32447 -2143
308797488 48 57 46 46 6425 14100 32447 -1287
308800492 53 62 11 11 8593 14060 32447 -299
308803488 58 67 -23 -23 9409 13624 32447 670
308806496 62 72 -58 -58 10757 14164 32447 1676
308809488 67 76 -93 -93 11753 13780 32447 2681
308812488 71 80 -131 -131 13485 14504 32447 3759
308815492 75 84 -169 -169 14641 14764 32447 4845
308818496 74 88 -213 -213 17429 15712 32447 6101
308821488 78 90 -255 -255 21065 14928 32447 7595
308824488 78 90 -255 -255 23961 15352 32447 9229
308827492 79 89 -255 -255 25213 15672 30437 10822
308830492 78 88 -255 -255 26633 15660 26599 12390
308833488 79 90 -255 -255 27641 18136 23068 13892
308836492 78 89 -255 -255 25141 16144 19912 14984
308839488 79 92 -255 -255 23301 18520 16988 15774
308842496 78 94 -255 -255 21953 17624 13993 16435
308845488 78 96 -255 -255 23401 18764 11265 17166
308848488 79 97 -255 -255 23801 17432 8308 17856
308851492 82 98 -255 -255 24653 18112 4652 18553
308854492 82 98 -255 -255 26825 17100 1261 19388
308857488 82 99 -255 -255 25445 16584 -2186 19991
308860488 82 99 -255 -255 24757 18244 -5742 20455
308863492 82 98 -255 -255 24477 17200 -8915 20835
308866488 82 98 -255 -255 23221 17316 -12028 21043
308869488 80 97 -255 -255 23405 16984 -14727 21240
308872488 78 97 -255 -255 22213 16600 -17343 21291
308875488 78 96 -255 -255 19961 16804 -19708 21197
308878492 76 94 -255 -255 17769 16860 -21501 20888
308881488 74 92 -255 -255 16765 16188 -23265 20504
308884488 72 89 -255 -255 16033 16764 -25004 20081
308887492 70 86 -255 -255 14633 16208 -26600 19555
308890488 67 84 -255 -255 15345 16436 -27954 19149
308893492 65 81 -255 -255 15017 15800 -29602 18746
308896488 62 77 -255 -255 15225 15872 -31060 18400
308899492 59 74 -255 -255 13097 16696 -32078 17872
308902492 55 70 -255 -255 12085 16768 32470 17293
308905488 52 66 -255 -255 11233 17268 32448 16686
308908496 49 62 -255 -255 10029 17280 32448 16018
308911492 45 58 -255 -255 9117 17332 32448 15326
308914488 41 54 -255 -255 8905 17640 32448 14682
308917492 37 49 -255 -255 7861 17664 32448 13998
308920508 32 45 -255 -255 7645 17688 32448 13360
308923492 28 40 -255 -255 7353 16876 32448 12757
308926488 23 36 -255 -255 6445 16192 32448 12124
308929488 19 30 -255 -255 10357 16432 32448 11945
308932488 14 26 -255 -255 10525 16724 32448 11801
308935492 10 22 -255 -255 12293 16984 32448 11848
308938492 4 18 -255 -255 10453 20004 32448 11706
308941488 -1 14 -255 -255 8353 18300 32448 11368
308944512 -6 10 -255 -255 9461 17972 32448 11175
308947496 -10 6 -255 -255 4349 14844 32448 10490
308950496 -14 2 -255 -255 -323 15096 32448 9406
308953496 -18 -2 -255 -255 709 15520 32448 8534
308956492 -22 -6 -255 -255 -1187 15080 32448 7560
308959492 -26 -10 -235 -235 -1411 14432 32448 6661
308962488 -30 -15 -191 -191 -5939 16200 32448 5399
308965496 -34 -19 -160 -160 -3367 16828 32448 4520
308968492 -38 -23 -147 -147 773 17536 32448 4143
308971492 -42 -28 -142 -142 2869 16940 32448 4013
308974492 -45 -32 -129 -129 349 16784 32448 3644
308977488 -49 -35 -99 -99 -4983 14512 32448 2779
308980488 -52 -38 -58 -58 -8919 17248 32448 1607
308983488 -55 -42 -28 -28 -6811 15544 32637 764
308986496 -58 -44 12 12 -10747 18340 -30537 -384
308989488 -62 -47 47 47 -10495 17864 -28538 -1385
308992492 -64 -50 83 83 -11655 19092 -26051 -2395
308995492 -66 -52 117 117 -12399 19684 -23149 -3372
308998504 -69 -54 149 149 -12815 17788 -20438 -4284
309001496 -70 -55 184 184 -14587 19280 -17579 -5274
309004488 -71 -56 222 222 -15795 19272 -14537 -6371
309007488 -73 -58 255 255 -16447 19776 -11491 -7414
309010496 -74 -58 255 255 -15631 19368 -8460 -8263
309013492 -74 -58 255 255 -15031 21076 -5357 -8958
309016488 -74 -58 255 255 -15119 20764 -2391 -9584
309019488 -74 -58 255 255 -15199 21108 539 -10147
309022488 -74 -57 255 255 -14219 20324 3203 -10548
309025488 -73 -56 255 255 -12859 20944 5904 -10765
309028488 -72 -55 255 255 -13367 20116 8650 -11004
309031492 -70 -54 255 255 -13699 19580 11209 -11244
309034488 -69 -51 255 255 -13323 19128 13743 -11415
309037488 -67 -50 255 255 -12759 19556 16366 -11506
309040496 -66 -47 255 255 -12395 19720 18787 -11637
309043492 -63 -46 255 255 -11859 19716 21237 -11695
309046496 -61 -43 255 255 -11655 19396 23526 -11719
309049488 -58 -40 255 255 -10611 19424 25661 -11630
309052488 -57 -38 255 255 -9463 19344 27725 -11430
309055504 -54 -34 255 255 -8999 18876 29699 -11197
309058488 -50 -31 255 255 -7919 18236 31402 -10874
309061488 -47 -28 255 255 -7039 17596 32447 -10492
309064488 -44 -24 255 255 -6215 17516 32447 -10065
309067488 -41 -20 255 255 -5135 17748 32447 -9572
309070496 -37 -16 255 255 -4615 17772 32447 -9077
309073496 -33 -13 255 255 -3355 17376 32447 -8505
309076488 -29 -8 255 255 -2219 16332 32447 -7877
309079488 -25 -4 254 254 -1679 15680 32447 -7258
309082492 -21 0 234 234 -1551 16796 32447 -6688
309085496 -16 4 209 209 537 16784 32447 -5966
309088500 -12 9 188 188 29 17404 32447 -5367
309091492 -7 13 165 165 1301 15952 32447 -4701
309094496 -2 17 137 137 3257 16164 32447 -3906
309097488 2 21 109 109 4041 16160 32447 -3112
309100496 7 26 80 80 5305 16692 32447 -2271
309103488 11 30 46 46 7213 15600 32447 -1323
309106492 16 34 14 14 7837 15532 32447 -407
309109496 21 37 -25 -25 10773 15052 32447 710
309112492 25 41 -64 -64 12021 15720 32447 1839
309115492 29 45 -105 -105 13281 15584 32447 2981
309118488 33 48 -143 -143 14005 15600 32447 4081
309121492 35 50 -184 -184 15713 16180 32447 5242
309124492 39 53 -223 -223 16377 16564 31389 6352
309127488 42 56 -255 -255 16833 17200 29131 7392
309130492 42 57 -255 -255 18285 17324 26653 8466
309133492 42 58 -255 -255 19677 17616 24010 9565
309136492 43 60 -255 -255 21101 17736 21102 10688
309139488 42 61 -255 -255 24585 17812 17851 12039
309142492 42 61 -255 -255 25077 17596 13861 13386
309145488 42 61 -255 -255 28037 18716 9400 14883
309148492 43 62 -255 -255 27609 18348 5090 16175
309151488 43 63 -255 -255 25881 18700 1471 17154
309154488 43 64 -255 -255 21297 19252 -1378 17568
309157496 42 64 -255 -255 17649 19672 -3664 17568
309160492 42 64 -255 -255 16069 18848 -6049 17403
309163488 41 64 -255 -255 19045 18004 -8366 17546
309166488 39 64 -255 -255 18481 17944 -10682 17612
309169488 38 62 -255 -255 18865 16308 -12963 17703
309172492 35 62 -255 -255 17977 18628 -15340 17689
309175492 34 61 -255 -255 16949 17108 -17718 17660
309178492 31 59 -255 -255 16317 18544 -19800 17565
309181492 30 57 -255 -255 15625 18388 -21629 17404
309184496 27 56 -255 -255 14973 18036 -23155 17189
309187492 25 53 -255 -255 13189 17296 -24411 16814
309190492 22 51 -255 -255 12133 17584 -25641 16367
309193492 19 49 -255 -255 10777 17332 -26688 15826
309196496 17 46 -255 -255 10225 17420 -27496 15281
309199492 14 42 -255 -255 9765 16616 -28355 14742
309202488 11 40 -255 -255 9269 17196 -29120 14205
309205488 8 36 -255 -255 7901 17108 -29723 13583
309208496 6 33 -255 -255 7033 17556 -30015 12936
309211492 2 29 -255 -255 5565 17772 -30290 12206
309214492 -1 25 -255 -255 5245 18120 -30518 11516
309217488 -4 21 -255 -255 4977 18452 -30375 10868
309220488 -7 17 -255 -255 4317 18088 -30455 10219
309223496 -10 13 -255 -255 3601 18072 -30410 9563
309226492 -13 9 -255 -255 5813 17892 -31222 9193
309229488 -17 5 -255 -255 6013 18384 -31877 8877
309232492 -19 1 -255 -255 7033 18000 -32422 8693
309235488 -22 -2 -255 -255 8437 19804 32448 8667
309238496 -26 -5 -255 -255 2973 17192 32473 8096
309241492 -30 -8 -253 -253 -1035 16260 -32557 7182
309244488 -33 -11 -232 -232 1025 17268 -32180 6567
309247488 -37 -14 -204 -204 -1387 17392 -31601 5773
309250492 -40 -16 -181 -181 -731 19252 -31040 5126
309253492 -42 -19 -162 -162 -523 18400 -30340 4566
309256492 -46 -22 -148 -148 473 15760 -30047 4163
309259492 -48 -26 -132 -132 -363 18200 -29517 3718
309262496 -50 -28 -113 -113 -1727 18208 -28532 3183
309265488 -53 -32 -93 -93 -2811 17416 -27684 2596
309268488 -56 -35 -69 -69 -4423 18060 -27201 1908
309271492 -58 -37 -55 -55 -2019 18800 -26451 1531
309274496 -61 -40 -40 -40 -3115 19176 -25325 1085
309277492 -64 -42 -23 -23 -3899 18492 -24562 608
309280492 -66 -44 -6 -6 -4391 18352 -23487 132
309283496 -69 -46 8 8 -4339 19264 -22258 -287
309286492 -70 -48 27 27 -6011 18700 -21193 -827
309289488 -73 -50 47 47 -6687 18672 -19703 -1377
309292492 -74 -51 68 68 -7803 19108 -18114 -1980
309295496 -76 -53 89 89 -8419 19472 -16515 -2579
309298488 -77 -54 112 112 -8607 19500 -14942 -3225
309301492 -78 -55 134 134 -9111 20280 -13061 -3853
309304496 -78 -56 154 154 -9311 19912 -11484 -4433
309307488 -80 -56 174 174 -9715 20016 -9679 -4990
309310488 -80 -56 192 192 -10067 19740 -7739 -5522
309313492 -81 -56 211 211 -10559 20012 -5703 -6044
309316492 -81 -56 229 229 -11155 19984 -3550 -6567
309319488 -81 -55 248 248 -11839 19904 -1374 -7100
309322496 -80 -55 255 255 -11175 19860 967 -7507
309325496 -79 -54 255 255 -13419 20120 3270 -8091
309328492 -78 -52 255 255 -12883 20364 5934 -8556
309331488 -77 -51 255 255 -14903 19660 8843 -9169
309334492 -76 -50 255 255 -15083 19436 11602 -9730
309337492 -74 -48 255 255 -13695 19568 14058 -10089
309340492 -73 -47 255 255 -11219 19848 16344 -10158
309343488 -70 -46 255 255 -10195 19936 18403 -10204
309346488 -69 -44 255 255 -9487 19524 20349 -10170
309349492 -66 -43 255 255 -9347 18664 22415 -10119
309352492 -63 -40 255 255 -9939 18604 24484 -10127
309355496 -61 -38 255 255 -10031 18776 26505 -10137
309358488 -58 -36 255 255 -9855 19124 28666 -10123
309361492 -54 -34 255 255 -9095 18832 30718 -10028
309364500 -51 -30 255 255 -8283 18640 32447 -9856
309367488 -48 -27 255 255 -7327 18216 32447 -9604
309370488 -45 -24 255 255 -6375 17936 32447 -9282
309373496 -41 -21 255 255 -5495 17528 32447 -8904
309376492 -37 -18 255 255 -4291 16848 32447 -8443
309379492 -33 -14 255 255 -2583 16732 32447 -7857
309382496 -29 -10 253 253 -1571 16712 32447 -7229
309385488 -25 -6 229 229 -315 16688 32447 -6538
309388492 -21 -2 206 206 -7 16588 32447 -5885
309391492 -16 2 177 177 2477 16332 32447 -5049
309394488 -11 7 147 147 3397 16896 32447 -4205
309397536 -6 12 114 114 5341 15948 32447 -3251
309400492 -2 16 97 97 1697 15592 32447 -2757
309403492 2 20 77 77 2729 15924 32447 -2209
309406492 6 25 47 47 6557 15812 32447 -1333
309409492 10 29 12 12 8529 16252 32447 -347
309412492 14 34 -23 -23 9605 16056 32447 647
309415488 17 38 -64 -64 12389 15744 32447 1819
309418488 20 42 -105 -105 13505 16140 32447 2985
309421504 23 46 -146 -146 14657 15836 32447 4150
309424492 26 49 -184 -184 15213 16528 32447 5254
309427488 28 52 -220 -220 15505 16848 30749 6275
309430492 30 54 -255 -255 17217 17128 28529 7360
309433492 31 57 -255 -255 18453 17444 26024 8453
309436488 30 58 -255 -255 19609 17764 23438 9545
309439504 30 60 -255 -255 19137 18164 20660 10473
309442496 31 61 -255 -255 22329 18832 17091 11619
309445492 31 62 -255 -255 21297 19268 13131 12629
309448488 29 62 -255 -255 28177 18672 9375 14215
309451492 30 63 -255 -255 27977 17184 5747 15611
309454496 30 63 -255 -255 24513 18228 2194 16512
309457492 30 62 -255 -255 20245 19048 -441 16887
309460488 30 62 -255 -255 16725 19260 -2581 16866
309463488 30 62 -255 -255 15385 19520 -4676 16707
309466492 30 61 -255 -255 18501 19016 -7094 16869
309469488 30 60 -255 -255 19065 19020 -9401 17065
309472492 29 58 -255 -255 18773 18352 -11831 17205
309475492 27 57 -255 -255 18653 17936 -14530 17312
309478488 26 56 -255 -255 18441 17948 -16924 17379
309481492 24 54 -255 -255 17325 17776 -19123 17415
309484492 22 53 -255 -255 16217 17620 -21087 17330
309487508 20 50 -255 -255 14905 17540 -22980 17117
309490496 18 48 -255 -255 13933 17876 -24583 16823
309493492 15 45 -255 -255 13297 18196 -25954 16491
309496496 14 42 -255 -255 11773 17932 -27184 16036
309499488 10 40 -255 -255 10613 17496 -28186 15508
309502492 7 37 -255 -255 9769 17308 -29146 14944
309505492 4 33 -255 -255 8781 17296 -29825 14336
309508492 1 30 -255 -255 9073 16924 -30854 13816
309511488 -2 26 -255 -255 8637 17176 -31750 13301
309514496 -6 23 -255 -255 8753 17536 -32412 12848
309517492 -10 20 -255 -255 10169 17624 32448 12580
309520496 -14 16 -255 -255 9041 18660 32448 12224
309523488 -18 13 -255 -255 8157 17948 32448 11815
309526496 -22 9 -255 -255 6989 17076 32448 11330
309529492 -25 6 -255 -255 5461 16832 32448 10741
309532492 -29 2 -255 -255 -311 17488 32448 9634
309535496 -32 -1 -255 -255 -67 17300 32448 8662
309538496 -35 -5 -255 -255 1989 17240 32448 7992
309541496 -38 -8 -251 -251 -715 17232 32448 7119
309544496 -42 -12 -220 -220 -1843 17820 32448 6221
309547492 -46 -16 -213 -213 4437 18520 32448 6040
309550492 -50 -19 -205 -205 3685 17532 32448 5802
309553488 -53 -23 -189 -189 1209 15540 32448 5340
309556496 -56 -26 -166 -166 -1279 17716 -32739 4677
309559496 -58 -29 -134 -134 -4359 16236 -31615 3774
309562496 -62 -32 -103 -103 -5071 17520 -30242 2894
309565492 -65 -35 -72 -72 -6023 17980 -29024 2010
309568488 -67 -38 -45 -45 -5791 19584 -27797 1241
309571496 -70 -40 -23 -23 -5247 18708 -26166 608
309574488 -73 -43 2 2 -6803 19172 -24775 -113
309577492 -74 -45 27 27 -7475 17764 -23110 -824
309580492 -77 -47 49 49 -7447 19324 -21350 -1455
309583488 -78 -49 79 79 -10355 18032 -19402 -2309
309586496 -80 -50 107 107 -10559 18560 -17350 -3092
309589488 -82 -51 132 132 -9743 19736 -15192 -3803
309592488 -82 -52 155 155 -9883 19816 -13231 -4450
309595488 -83 -54 175 175 -9947 20348 -11427 -5033
309598496 -84 -54 190 190 -9043 21048 -9536 -5463
309601496 -85 -54 204 204 -9219 20560 -7729 -5862
309604496 -85 -54 219 219 -9959 20000 -5966 -6290
309607492 -84 -54 232 232 -9883 19764 -4065 -6662
309610504 -83 -54 243 243 -9755 19476 -2155 -6979
309613492 -82 -52 254 254 -10055 19736 -329 -7289
309616488 -82 -52 255 255 -10163 19692 1722 -7573
309619492 -81 -51 255 255 -12311 20248 4182 -8037
309622496 -79 -50 255 255 -11351 20888 6974 -8352
309625492 -78 -48 255 255 -14779 19164 10051 -8970
309628496 -77 -46 255 255 -15731 19852 12884 -9612
309631492 -75 -44 255 255 -14323 20080 15484 -10042
309634492 -74 -43 255 255 -11779 20304 17545 -10261
309637492 -73 -42 255 255 -7327 20124 19010 -10008
309640488 -71 -40 255 255 -3611 20280 20473 -9405
309643496 -69 -38 255 255 -5587 18336 21960 -9055
309646500 -66 -36 255 255 -6859 17984 23170 -8864
309649488 -65 -34 255 255 -6743 17008 24532 -8677
309652496 -62 -31 255 255 -6803 19232 26087 -8510
309655492 -59 -28 255 255 -6675 18696 27544 -8342
309658496 -57 -26 255 255 -5463 19540 28931 -8066
309661492 -54 -22 255 255 -5411 18556 30330 -7808
309664488 -50 -19 255 255 -5067 19060 31601 -7538
309667496 -46 -16 253 253 -4435 18272 32447 -7229
309670488 -43 -12 244 244 -4547 17428 32447 -6961
309673492 -39 -8 234 234 -4099 16616 32447 -6675
309676496 -36 -4 221 221 -2911 15852 32447 -6299
309679492 -32 -1 208 208 -2615 17104 32447 -5931
309682492 -28 3 197 197 -2763 17628 32447 -5615
309685492 -24 7 168 168 2453 17704 32447 -4809
309688496 -21 10 138 138 3789 17352 32447 -3950
309691496 -17 14 114 114 3077 16600 32447 -3248
309694492 -13 18 97 97 1425 16472 32447 -2781
309697496 -9 22 72 72 4473 16008 32447 -2056
309700492 -5 26 36 36 8165 16504 32447 -1034
309703492 -1 30 8 8 7101 16192 32447 -221
309706492 2 33 -18 -18 7061 16880 32447 506
309709496 6 36 -61 -61 12829 16568 32447 1736
309712488 9 40 -102 -102 13533 17068 32447 2913
309715488 11 42 -141 -141 13833 16612 31698 4002
309718488 14 45 -178 -178 14725 17240 29573 5068
309721488 16 46 -213 -213 15021 16772 27540 6050
309724488 18 49 -245 -245 15577 17828 25624 6984
309727492 19 50 -255 -255 16145 17556 23468 7876
309730492 21 52 -255 -255 17117 18004 21347 8770
309733492 22 52 -255 -255 19109 18672 18833 9767
309736492 22 53 -255 -255 23765 19048 15764 11122
309739496 22 53 -255 -255 26157 19236 11211 12663
309742488 22 53 -255 -255 29025 19592 6615 14324
309745488 22 53 -255 -255 30173 18116 2337 15921
309748496 23 54 -255 -255 24025 17968 -1460 16732
309751496 23 54 -255 -255 18497 19000 -3872 16900
309754488 23 54 -255 -255 10045 19256 -4427 16201
309757492 22 54 -255 -255 5761 19384 -4625 15143
309760496 22 54 -255 -255 9645 18416 -5274 14578
309763488 22 54 -255 -255 9021 18580 -6173 14005
309766496 22 53 -255 -255 12541 17436 -7255 13838
309769488 20 52 -255 -255 13573 18792 -8619 13788
309772492 18 50 -255 -255 14229 16724 -10344 13805
309775488 18 49 -255 -255 13905 18852 -11999 13782
309778488 17 48 -255 -255 14225 18224 -13662 13789
309781488 15 46 -255 -255 14373 18612 -15768 13805
309784492 14 44 -255 -255 14457 17400 -17228 13916
309787492 11 42 -255 -255 12925 18472 -18480 13858
309790496 10 40 -255 -255 11177 18916 -19774 13627
309793492 7 38 -255 -255 10813 18980 -20737 13380
309796488 6 36 -255 -255 9045 18736 -21537 12978
309799488 3 34 -255 -255 9269 18760 -22243 12637
309802492 1 32 -255 -255 7973 17488 -22883 12199
309805492 -2 29 -255 -255 7405 18516 -23395 11746
309808492 -4 26 -255 -255 6469 18064 -23647 11244
309811492 -6 24 -255 -255 5741 18532 -24064 10718
309814492 -9 22 -255 -255 5489 18936 -24329 10219
309817492 -10 19 -255 -255 5509 19164 -24515 9771
309820492 -14 17 -255 -255 5425 19396 -24721 9358
309823500 -16 14 -255 -255 4421 19028 -24935 8886
309826492 -18 12 -255 -255 5085 18884 -24918 8527
309829492 -21 9 -255 -255 2869 18848 -25006 7982
309832492 -24 6 -255 -255 3537 18432 -24949 7559
309835488 -26 4 -251 -251 3017 18224 -25207 7126
309838488 -29 2 -247 -247 5597 18324 -25431 6993
309841488 -31 -1 -239 -239 4749 17924 -25360 6789
309844488 -34 -3 -226 -226 2713 18000 -25164 6402
309847492 -37 -6 -209 -209 1441 17356 -25188 5926
309850496 -38 -8 -199 -199 2657 18064 -25072 5620
309853488 -42 -11 -185 -185 1557 18904 -24937 5235
309856496 -44 -14 -177 -177 2701 19380 -25001 5003
309859488 -46 -16 -166 -166 1569 18664 -25056 4681
309862488 -49 -19 -156 -156 1709 17824 -24971 4405
309865488 -51 -22 -149 -149 2157 18448 -24900 4201
309868496 -54 -23 -140 -140 1561 18432 -24637 3959
309871492 -56 -26 -128 -128 49 19100 -24233 3591
309874492 -58 -28 -112 -112 -979 17608 -23728 3158
309877492 -61 -30 -101 -101 -475 19268 -23271 2820
309880492 -62 -32 -87 -87 -1203 18836 -22873 2444
309883496 -66 -35 -75 -75 -1239 20016 -22686 2103
309886512 -68 -38 -67 -67 -623 18832 -22425 1859
309889488 -70 -39 -59 -59 -819 18984 -22070 1620
309892488 -72 -42 -51 -51 -775 18608 -21799 1411
309895492 -74 -44 -41 -41 -1775 18908 -21215 1123
309898496 -76 -46 -27 -27 -3159 18296 -20321 728
309901492 -78 -48 -10 -10 -4619 18672 -19611 229
309904488 -79 -50 7 7 -4831 18992 -18785 -239
309907488 -81 -51 20 20 -4367 20428 -17587 -610
309910492 -82 -53 36 36 -5611 19396 -16507 -1065
309913488 -85 -54 56 56 -6543 19612 -15275 -1657
309916496 -86 -55 77 77 -7407 19744 -160 -2253
